      0.00
      0.00
      0.00
      0.00
      0.00
      0.00
      0.00
      0.00
      0.00
      0.00
      0.00
      0.00
      0.00
      0.00
      0.00
      0.00
      0.00
      0.00
      0.00
      0.00
      0.00
      0.00
      0.00
      0.00
      0.00
      0.00
      0.00
      0.00
      0.00
      0.00
      0.00
      0.00
      0.00
      0.00
      0.00
      0.00
      0.00
      0.00
      0.00
      0.00
      0.00
      0.00
      0.00
      0.00
      0.00
      0.00
      0.00
      0.00
      0.00
      0.00
      0.00
      0.00
      0.00
      0.00
      0.00
      0.00
      0.00
      0.00
      0.00
      0.00
      0.00
      0.00
      0.00
      0.00
      0.00
      0.00
      0.00
      0.00
      0.00
      0.00
      0.00
      0.00
      0.00
      0.00
      0.00
      0.00
      0.00
      0.00
      0.00
      0.00
      0.00
      0.00
      0.00
      0.00
      0.00
      0.00
      0.00
      0.00
      0.00
      0.00
      0.00
      0.00
      0.00
      0.00
      0.00
      0.00
      0.00
      0.00
      0.00
      0.00
      0.00
      0.00
      0.00
      0.00
      0.00
      0.00
      0.00
      0.00
      0.00
      0.00
      0.00
      0.00
      0.00
      0.00
      0.00
      0.00
      0.00
      0.00
      0.00
      0.00
      0.00
      0.00
      0.00
      0.00
      0.00
      0.00
      0.00
      0.00
      0.00
      0.00
      0.00
      0.00
      0.00
      0.00
      0.00
      0.00
      0.00
      0.00
      0.00
      0.00
      0.00
      0.00
      0.00
      0.00
      0.00
      0.00
      0.00
      0.00
      0.00
      0.00
      0.00
      0.00
      0.00
      0.00
      0.00
      0.00
      0.00
      0.00
      0.00
      0.00
      0.00
      0.00
      0.00
      0.00
      0.00
      0.00
      0.00
      0.00
      0.00
      0.00
      0.00
      0.00
      0.00
      0.32
      0.32
      0.32
      0.33
      0.33
      0.33
      0.34
      0.34
      0.35
      0.35
      0.35
      0.36
      0.36
      0.37
      0.37
      0.38
      0.38
      0.38
      0.39
      0.39
      0.40
      0.40
      0.41
      0.41
      0.42
      0.43
      0.43
      0.44
      0.44
      0.45
      0.45
      0.46
      0.47
      0.47
      0.48
      0.48
      0.49
      0.50
      0.51
      0.51
      0.52
      0.53
      0.53
      0.54
      0.55
      0.56
      0.57
      0.57
      0.58
      0.59
      0.60
      0.61
      0.62
      0.63
      0.64
      0.65
      0.66
      0.67
      0.68
      0.69
      0.70
      0.72
      0.73
      0.74
      0.75
      0.77
      0.78
      0.79
      0.81
      0.82
      0.84
      0.85
      0.87
      0.88
      0.90
      0.92
      0.93
      0.95
      0.97
      0.99
      1.01
      1.03
      1.05
      1.07
      1.09
      1.11
      1.14
      1.16
      1.19
      1.21
      1.24
      1.27
      1.29
      1.32
      1.35
      1.39
      1.42
      1.45
      1.49
      1.52
      1.56
      1.60
      1.64
      1.68
      1.72
      1.77
      1.82
      1.86
      1.91
      1.97
      2.02
      2.08
      2.14
      2.20
      2.27
      2.34
      2.41
      2.48
      2.56
      2.64
      2.73
      2.82
      2.91
      3.01
      3.12
      3.23
      3.34
      3.46
      3.59
      3.73
      3.88
      4.03
      4.19
      4.36
      4.55
      4.74
      4.95
      5.17
      5.41
      5.66
      5.93
      6.23
      6.54
      6.88
      7.24
      7.64
      8.07
      8.53
      9.04
      9.59
     10.19
     10.86
     11.59
     12.39
     13.28
     14.27
     15.38
     16.61
     18.02
     19.59
     21.38
     23.42
     25.76
     28.47
     31.62
     35.31
     39.70
     44.97
     51.51
     60.13
     72.95
     95.31
    139.93
    233.61
    425.24
    789.42
   1415.86
   2375.31
   3665.35
   5158.28
   6587.53
   7597.92
   7873.27
   7316.11
   6118.36
   4629.26
   3183.44
   2001.29
   1162.52
    637.44
    343.23
    192.90
    120.58
     85.87
     67.78
     56.81
     49.06
     43.02
     38.09
     33.96
     30.47
     27.48
     24.91
     22.68
     20.74
     19.03
     17.53
     16.19
     15.00
     13.94
     12.99
     12.13
     11.35
     10.64
     10.00
      9.42
      8.88
      8.39
      7.94
      7.53
      7.14
      6.79
      6.46
      6.15
      5.87
      5.60
      5.36
      5.12
      4.91
      4.71
      4.52
      4.34
      4.17
      4.01
      3.86
      3.72
      3.59
      3.46
      3.34
      3.23
      3.12
      3.02
      2.92
      2.83
      2.74
      2.66
      2.58
      2.50
      2.43
      2.36
      2.30
      2.23
      2.17
      2.11
      2.06
      2.01
      1.96
      1.91
      1.86
      1.82
      1.77
      1.73
      1.69
      1.65
      1.62
      1.58
      1.55
      1.52
      1.49
      1.46
      1.43
      1.40
      1.37
      1.35
      1.32
      1.30
      1.28
      1.26
      1.24
      1.22
      1.20
      1.71
      1.70
      1.69
      1.68
      1.67
      1.66
      1.66
      1.65
      1.65
      1.64
      1.64
      1.64
      1.64
      1.64
      1.64
      1.64
      1.65
      1.65
      1.66
      1.67
      1.67
      1.69
      1.70
      1.71
      1.73
      1.75
      1.77
      1.79
      1.82
      1.85
      1.88
      1.92
      1.96
      2.00
      2.06
      2.11
      2.18
      2.26
      2.34
      2.44
      2.56
      2.69
      2.85
      3.04
      3.27
      3.55
      3.93
      4.52
      5.59
      7.77
     12.31
     21.44
     38.31
     66.37
    107.74
    161.00
    219.43
    271.24
    302.35
    302.43
    271.46
    219.75
    161.34
    108.07
     66.67
     38.58
     21.70
     12.57
      8.04
      5.88
      4.84
      4.28
      3.92
      3.67
      3.47
      3.31
      3.19
      3.08
      3.00
      2.93
      2.87
      2.83
      2.80
      2.46
      2.45
      2.44
      2.44
      2.44
      2.45
      2.46
      2.48
      2.50
      2.53
      2.56
      2.59
      2.63
      2.67
      2.71
      2.75
      2.80
      2.85
      2.91
      2.96
      3.03
      3.09
      3.26
      3.33
      3.41
      3.49
      3.57
      3.66
      3.75
      3.85
      3.95
      4.06
      4.17
      4.29
      4.41
      4.54
      4.68
      4.82
      4.98
      5.13
      5.30
      5.48
      5.67
      5.86
      6.07
      6.29
      6.53
      6.77
      7.03
      7.31
      7.61
      7.92
      8.26
      8.62
      9.00
      9.41
      9.84
     10.31
     10.82
     11.36
     11.95
     12.58
     13.27
     14.01
     14.82
     15.71
     16.67
     17.73
     18.89
     20.18
     21.59
     23.17
     24.92
     26.88
     29.07
     31.55
     34.36
     37.57
     41.23
     45.46
     50.37
     56.11
     62.89
     70.98
     80.85
     93.44
    110.99
    139.34
    192.84
    303.50
    533.82
    987.28
   1803.13
   3117.95
   4988.41
   7298.75
   9705.11
  11671.96
  12626.53
  12237.74
  10645.07
   8355.85
   5948.62
   3860.85
   2304.51
   1286.99
    695.07
    383.47
    230.98
    158.17
    121.49
    100.34
     86.03
     75.16
     66.38
     59.09
     53.21
     47.98
     43.49
     39.61
     36.23
     33.28
     30.68
     28.38
     26.34
     24.52
     22.90
     21.43
     20.12
     18.92
     17.84
     16.86
     15.97
     15.15
     14.40
     13.72
     13.09
     12.51
     11.97
     11.48
     11.03
     10.61
     10.22
      9.86
      9.53
      9.22
      8.93
      8.67
      8.43
      8.20
      8.00
      7.81
      7.64
      7.48
      7.33
      7.20
      7.09
      6.97
      6.88
      6.80
      6.74
      6.69
      6.65
      6.62
      6.61
      6.61
      6.63
      6.66
      6.70
      6.77
      6.85
      6.95
      7.07
      7.22
      7.39
      7.59
      7.83
      8.10
      8.41
      8.78
      9.20
      9.68
     10.24
     10.90
     11.66
     12.56
     13.61
     14.87
     16.38
     18.24
     20.61
     23.95
     29.38
     39.65
     60.91
    105.06
    191.72
    347.04
    596.30
    949.20
   1382.70
   1831.01
   2193.08
   2362.30
   2279.54
   1974.53
   1543.95
   1095.53
    709.39
    423.27
    237.19
    129.44
     72.91
     45.29
     32.06
     25.35
     21.45
     18.78
     16.76
     15.12
     13.76
     12.62
     11.66
     10.83
     10.13
      9.52
      8.99
      8.53
      8.13
      7.78
      7.48
      7.21
      6.98
      6.78
      6.61
      6.46
      6.33
      6.23
      6.14
      6.07
      6.02
      5.98
      5.96
      5.95
      5.96
      5.98
      6.01
      6.06
      6.12
      6.20
      6.29
      6.39
      6.51
      6.65
      6.81
      6.98
      7.17
      7.39
      7.62
      7.88
      8.17
      8.49
      8.84
      9.23
      9.66
     10.13
     10.66
     11.24
     11.88
     12.60
     13.41
     14.30
     15.31
     16.45
     17.74
     19.21
     20.89
     22.82
     25.05
     27.65
     30.18
     33.79
     38.13
     43.44
     50.29
     60.01
     76.08
    106.88
    170.70
    302.31
    557.44
   1007.70
   1717.84
   2704.16
   3889.11
   5080.18
   5996.65
   6359.86
   6040.76
   5153.35
   3971.24
   2778.62
   1775.35
   1046.43
    580.52
    314.66
    176.76
    109.69
     77.39
     60.66
     50.64
     43.64
     38.23
     33.82
     30.15
     27.05
     24.40
     22.12
     20.15
     18.43
     16.92
     15.59
     14.42
     13.37
     12.44
     11.60
     10.84
     10.16
      9.54
      8.98
      8.47
      8.01
      7.58
      7.19
      6.82
      6.49
      6.18
      5.90
      5.64
      5.39
      5.17
      4.96
      4.76
      4.58
      4.41
      4.25
      4.11
      3.97
      3.84
      3.73
      3.62
      3.52
      3.42
      3.34
      3.26
      3.19
      3.13
      3.07
      3.13
      3.09
      3.06
      3.04
      3.04
      3.04
      3.05
      3.08
      3.13
      3.20
      3.30
      3.43
      3.61
      3.88
      4.34
      5.25
      7.16
     11.16
     19.02
     33.16
     55.88
     88.14
    127.87
    169.13
    202.66
    218.62
    211.40
    183.50
    143.99
    102.68
     67.01
     40.49
     23.18
     13.12
      7.81
      5.19
      3.93
      3.27
      2.88
      2.61
      2.40
      2.23
      2.08
      1.96
      1.85
      1.76
      1.67
      1.60
      1.54
      1.48
      1.43
      1.38
      1.34
      1.30
      1.26
      1.23
      1.20
      1.17
      1.15
      1.12
      1.10
      1.08
      1.06
      1.05
      1.03
      1.02
      1.00
      0.99
      0.98
      0.97
      0.96
      0.95
      1.14
      1.13
      1.13
      1.13
      1.12
      1.12
      1.12
      1.11
      1.11
      1.11
      1.11
      1.11
      1.11
      1.11
      1.12
      1.12
      1.12
      1.13
      1.13
      1.13
      1.14
      1.15
      1.15
      1.16
      1.17
      1.18
      1.18
      1.19
      1.20
      1.22
      1.23
      1.24
      1.25
      1.27
      1.28
      1.30
      1.31
      1.33
      1.35
      1.37
      1.39
      1.41
      1.43
      1.45
      1.48
      1.50
      1.53
      1.56
      1.32
      1.35
      1.39
      1.43
      1.47
      1.51
      1.55
      1.60
      1.65
      1.70
      1.75
      1.81
      1.87
      1.94
      2.01
      2.08
      2.15
      2.24
      2.32
      2.42
      2.51
      2.62
      2.74
      2.86
      2.99
      3.13
      3.29
      3.45
      3.63
      3.83
      4.04
      4.27
      4.53
      4.81
      5.12
      5.46
      5.84
      6.27
      6.74
      7.28
      7.89
      8.59
      9.38
     10.30
     11.36
     12.61
     14.09
     15.86
     18.04
     20.87
     24.98
     31.90
     45.30
     72.92
    128.98
    235.28
    418.32
    699.50
   1079.08
   1520.76
   1946.66
   2251.00
   2337.41
   2174.64
   1820.04
   1378.61
    950.11
    599.73
    351.05
    195.17
    107.59
     62.61
     40.74
     30.06
     24.38
     20.86
     18.36
     16.42
     14.84
     13.54
     12.45
     11.54
     10.77
     10.12
      9.57
      9.11
      8.72
      8.38
      8.11
      7.90
      8.21
      8.08
      8.00
      7.94
      7.93
      7.95
      8.00
      8.08
      8.19
      8.34
      8.53
      8.75
      9.01
      9.32
      9.67
     10.07
     10.53
     11.05
     11.64
     12.32
     13.09
     13.96
     14.96
     16.11
     17.43
     18.96
     20.74
     22.83
     25.28
     28.22
     31.76
     36.20
     42.11
     51.03
     66.70
     97.76
    161.80
    289.64
    525.97
    920.71
   1506.84
   2268.81
   3116.77
   3885.05
   4369.00
   4407.92
   3987.59
   3251.11
   2403.17
   1619.12
   1001.87
    577.62
    318.99
    176.99
    105.13
     70.23
     52.83
     43.16
     36.88
     32.25
     28.56
     25.53
     22.98
     20.82
     18.97
     17.43
     16.06
     14.85
     13.80
     12.88
     12.06
     11.33
     10.68
     10.11
      9.59
      9.13
      8.71
      8.33
      7.99
      7.69
      7.41
      7.16
      6.93
      6.73
      6.55
      6.39
      6.24
      6.11
      6.00
      5.90
      5.81
      5.74
      5.69
      5.65
      5.62
      5.60
      5.61
      5.63
      5.67
      5.73
      5.82
      5.94
      6.11
      6.39
      6.89
      7.88
      9.91
     13.95
     21.40
     33.80
     52.19
     76.08
    102.66
    126.79
    142.06
    143.44
    130.44
    107.52
     81.06
     56.56
     37.25
     23.98
     15.91
     11.53
      9.37
      8.39
      7.98
      7.83
      7.80
      7.95
      8.03
      8.14
      8.28
      8.45
      8.65
      8.87
      9.12
      9.40
      9.70
     10.03
     10.40
     10.79
     11.23
     11.70
     12.21
     12.77
     13.37
     14.04
     14.76
     15.55
     16.42
     17.38
     18.43
     19.59
     20.77
     22.20
     23.80
     25.58
     27.58
     29.84
     32.40
     35.31
     38.65
     42.49
     46.95
     52.16
     58.30
     65.61
     74.49
     85.67
    100.88
    124.40
    166.72
    251.21
    423.78
    761.46
   1370.65
   2360.71
   3789.06
   5588.65
   7518.54
   9177.23
  10101.30
   9975.15
   8844.60
   7082.46
   5151.68
   3423.06
   2095.10
   1200.58
    664.17
    372.97
    226.31
    154.60
    118.08
     97.12
     83.11
     72.58
     64.13
     57.14
     51.26
     46.27
     41.99
     38.31
     35.11
     32.32
     29.87
     27.71
     25.81
     24.12
     22.61
     21.27
     20.07
     19.00
     18.04
     17.18
     16.41
     15.72
     15.11
     14.56
     14.08
     13.67
     13.31
     13.01
     12.77
     12.59
     12.47
     12.21
     12.22
     12.31
     12.48
     12.75
     13.13
     13.65
     14.35
     15.30
     16.68
     18.93
     23.14
     31.68
     49.22
     83.58
    145.45
    245.86
    390.45
    572.38
    767.45
    935.13
   1028.79
   1016.45
    902.58
    724.61
    529.30
    354.00
    218.97
    127.72
     72.75
     42.78
     27.60
     20.14
     16.32
     14.13
     12.66
     11.57
     10.70
      9.98
      9.39
      8.90
      8.49
      8.14
      7.86
      7.62
      7.43
      7.29
      7.17
      7.09
      7.05
      7.03
      7.05
      7.09
      7.16
      7.27
      7.40
      7.58
      7.78
      8.03
      8.33
      8.67
      9.07
      9.54
     10.08
     10.71
     11.44
     12.29
     13.28
     14.45
     15.83
     17.47
     19.46
     21.92
     25.13
     29.75
     37.43
     52.00
     81.48
    140.40
    251.09
    440.66
    731.54
   1125.50
   1587.73
   2041.13
   2377.43
   2493.12
   2346.73
   1990.19
   1530.32
   1073.01
    690.45
    412.42
    233.76
    130.68
     76.30
     49.20
     35.73
     28.51
     24.07
     20.92
     18.46
     16.46
     14.79
     13.38
     12.17
     11.13
     10.23
      9.44
      8.76
      8.15
      7.61
      7.14
      6.71
      6.34
      6.00
      5.69
      5.42
      5.17
      4.95
      4.76
      4.58
      4.42
      4.28
      4.16
      4.06
      3.97
      3.89
      3.84
      3.80
      3.78
      3.78
      3.81
      3.86
      3.94
      4.06
      4.25
      4.53
      4.53
      5.47
      7.39
     11.31
     18.89
     32.34
     53.85
     84.37
    122.22
    162.17
    195.98
    213.80
    209.70
    185.17
    148.12
    108.04
     72.34
     44.96
     26.47
     15.33
      9.22
      6.10
      4.55
      3.74
      3.26
      2.93
      2.68
      2.48
      2.31
      2.17
      2.05
      1.94
      1.85
      1.76
      1.69
      1.63
      1.57
      1.52
      1.48
      1.43
      1.40
      1.36
      1.33
      1.31
      1.28
      1.26
      1.24
      1.22
      1.20
      1.19
      1.17
      1.16
      1.15
      1.14
      1.13
      1.12
      1.12
      1.11
      1.11
      1.10
      1.10
      1.10
      1.10
      1.10
      1.10
      1.10
      1.10
      1.06
      1.06
      1.07
      1.08
      1.09
      1.09
      1.10
      1.11
      1.12
      1.13
      1.14
      1.16
      1.17
      1.18
      1.20
      1.22
      1.24
      1.26
      1.28
      1.30
      1.32
      1.35
      1.37
      1.40
      1.43
      1.46
      1.50
      1.53
      1.57
      1.62
      1.66
      1.71
      1.76
      1.82
      1.88
      1.94
      2.01
      2.09
      2.17
      2.26
      2.36
      2.47
      2.59
      2.72
      2.87
      3.04
      3.22
      3.43
      3.66
      3.93
      4.23
      4.59
      5.00
      5.49
      6.08
      6.81
      7.78
      9.25
     11.80
     16.72
     26.50
     45.29
     78.78
    133.25
    211.41
    310.49
    418.68
    514.87
    573.68
    575.77
    520.41
    426.05
    318.06
    217.91
    138.30
     82.75
     48.19
     28.76
     18.67
     13.67
     11.16
      9.80
      8.97
      8.40
      7.98
      7.68
      7.46
      7.30
      7.21
      7.17
      7.18
      7.24
      7.33
      7.46
      7.64
      7.85
      8.10
      8.39
      8.73
      9.12
      9.56
     10.06
     10.63
     11.26
     11.98
     12.80
     13.73
     14.78
     15.98
     17.36
     18.95
     20.80
     22.95
     25.48
     28.49
     32.12
     36.63
     42.61
     51.44
     66.42
     94.91
    151.42
    261.00
    459.16
    786.12
   1269.65
   1901.78
   2617.53
   3290.83
   3756.72
   3869.18
   3588.15
   3010.00
   2299.20
   1608.16
   1037.16
    624.18
    358.54
    204.36
    122.01
     80.23
     58.98
     47.32
     40.02
     34.80
     30.73
     27.41
     24.64
     22.29
     20.29
     18.57
     17.08
     15.79
     14.66
     13.66
     12.79
     12.01
     11.33
     10.72
     10.18
      9.69
      9.26
      8.87
      8.53
      8.22
      7.95
      7.71
      7.49
      7.31
      7.15
      7.02
      6.91
      6.83
      6.78
      6.75
      6.75
      6.79
      6.87
      7.02
      7.29
      7.80
      8.83
     11.11
     15.14
     22.38
     34.15
     51.33
     73.47
     98.15
    120.94
    136.16
    139.01
    128.50
    108.19
     83.74
     60.24
     40.98
     27.14
     18.31
     13.23
     10.58
      9.31
      8.73
      8.50
      8.42
      8.44
      8.51
      8.62
      8.77
      8.95
      9.18
      9.43
      9.72
     10.04
     10.41
     10.81
     11.26
     11.75
     12.30
     12.90
     13.57
     14.31
     15.12
     16.03
     17.04
     18.17
     19.44
     20.86
     22.46
     24.28
     26.35
     28.72
     31.45
     34.62
     38.31
     42.65
     47.83
     54.13
     62.11
     73.04
     89.94
    119.79
    177.21
    289.32
    499.49
    864.55
   1440.43
   2253.15
   3263.96
   4346.25
   5289.31
   5845.60
   5833.30
   5256.90
   4303.20
   3220.40
   2215.74
   1412.56
    846.26
    488.72
    283.70
    174.61
    118.83
     89.81
     73.32
     62.64
     54.83
     48.68
     43.63
     39.41
     35.84
     32.81
     30.21
     27.97
     26.05
     24.38
     22.93
     21.68
     20.59
     19.66
     18.86
     18.18
     17.61
     17.14
     16.77
     16.50
     16.32
     16.23
     16.24
     16.35
     16.57
     16.90
     17.36
     17.97
     18.75
     19.73
     20.96
     22.49
     24.43
     27.01
     30.72
     36.78
     47.84
     69.33
    110.92
    187.25
    316.47
    514.55
    785.72
   1112.28
   1448.60
   1725.35
   1866.53
   1825.02
   1615.34
   1302.63
    963.14
    656.79
    417.16
    250.87
    147.20
     88.22
     56.92
     40.83
     32.35
     27.43
     24.20
     21.82
     19.94
     18.42
     17.17
     16.13
     15.27
     14.57
     13.99
     13.52
     13.15
     12.87
     12.67
     12.54
     12.49
     12.51
     12.59
     12.75
     12.98
     13.28
     13.66
     14.14
     14.70
     15.38
     16.18
     17.11
     18.21
     19.50
     21.02
     22.81
     24.92
     27.44
     30.49
     34.25
     39.15
     46.12
     57.45
     77.78
    116.83
    191.45
    326.88
    553.70
    898.13
   1366.15
   1926.08
   2500.13
   2970.58
   3209.36
   3137.52
   2780.00
   2246.58
   1666.20
   1140.76
    726.94
    437.74
    255.79
    151.23
     95.16
     66.04
     50.55
     41.52
     35.55
     31.12
     27.60
     24.68
     22.23
     20.13
     18.33
     16.78
     15.42
     14.23
     13.18
     12.26
     11.43
     10.70
     10.04
      9.44
      8.91
      8.43
      7.99
      7.59
      7.23
      6.90
      6.60
      6.33
      6.08
      5.86
      5.65
      5.47
      5.31
      5.17
      5.05
      4.95
      4.87
      4.81
      4.79
      4.82
      5.06
      5.37
      6.06
      7.47
     10.16
     14.83
     22.18
     32.54
     45.51
     59.58
     72.23
     80.35
     81.41
     75.02
     63.23
     49.14
     35.53
     23.87
     15.53
     10.03
      6.71
      4.86
      3.86
      3.32
      3.01
      2.80
      2.65
      2.53
      2.42
      2.33
      2.26
      2.19
      2.13
      2.07
      2.02
      1.98
      1.94
      1.90
      1.87
      1.84
      1.82
      1.79
      1.77
      1.75
      1.73
      1.72
      1.70
      1.69
      1.68
      1.67
      1.66
      1.66
      1.65
      1.65
      1.65
      1.65
      1.65
      1.65
      1.65
      1.65
      1.66
      1.66
      1.69
      1.69
      1.70
      1.72
      1.73
      1.74
      1.76
      1.78
      1.79
      1.81
      1.84
      1.86
      1.89
      1.91
      1.94
      1.97
      2.01
      1.94
      1.98
      2.02
      2.06
      2.11
      2.16
      2.22
      2.27
      2.33
      2.40
      2.47
      2.55
      2.63
      2.71
      2.80
      2.90
      3.01
      3.12
      3.25
      3.38
      3.52
      3.68
      3.85
      4.03
      4.23
      4.45
      4.68
      4.95
      5.24
      5.55
      5.91
      6.30
      6.74
      7.23
      7.78
      8.40
      9.11
      9.92
     10.85
     11.93
     13.19
     14.68
     16.46
     18.67
     21.56
     25.75
     32.97
     45.22
     68.12
    110.30
    183.90
    302.64
    477.15
    707.71
    977.58
   1249.59
   1469.67
   1580.07
   1545.57
   1377.69
   1126.08
    849.32
    594.42
    388.92
    241.28
    145.27
     88.07
     56.26
     39.25
     30.09
     24.81
     21.43
     19.00
     17.11
     15.58
     14.31
     13.26
     12.37
     11.62
     11.00
     10.47
     10.03
      9.67
      9.38
      9.14
      8.97
      8.84
      8.77
      8.74
      8.76
      8.82
      8.94
      9.10
      9.31
      9.58
      9.90
     10.30
     10.76
     11.31
     11.96
     12.72
     13.61
     14.65
     15.88
     17.34
     19.10
     21.24
     23.98
     27.73
     33.45
     43.20
     60.98
     93.88
    152.78
    251.71
    404.68
    619.54
    890.45
   1191.52
   1476.06
   1682.74
   1754.07
   1666.97
   1449.41
   1160.49
    860.63
    594.65
    386.09
    239.17
    144.99
     89.32
     58.37
     41.65
     32.43
     26.94
     23.29
     20.60
     18.46
     16.70
     15.22
     13.96
     12.88
     11.94
     11.14
     10.43
      9.82
      9.28
      8.80
      8.38
      8.01
      7.69
      7.40
      7.15
      6.93
      6.74
      6.57
      6.43
      6.31
      6.22
      6.14
      6.08
      6.05
      6.03
      6.03
      6.06
      6.11
      6.18
      6.29
      6.42
      6.60
      6.82
      7.10
      7.47
      7.99
      8.82
     10.50
     13.07
     17.73
     25.87
     39.26
     59.43
     87.13
    121.36
    158.67
    193.19
    217.48
    224.83
    212.94
    185.51
    149.78
    112.95
     80.31
     54.65
     36.49
     24.78
     17.84
     14.00
     11.98
     10.95
     10.41
     10.13
     10.00
      9.95
      9.97
     10.04
     10.16
     10.32
     10.52
     10.76
     11.04
     11.36
     11.72
     12.13
     12.57
     13.06
     13.61
     14.21
     14.86
     15.59
     16.38
     17.26
     18.22
     19.29
     20.46
     21.77
     23.23
     24.85
     26.66
     28.70
     31.00
     33.61
     36.57
     39.97
     43.87
     48.40
     53.70
     59.97
     67.55
     77.11
     90.01
    109.25
    140.98
    197.09
    298.14
    475.64
    770.59
   1225.61
   1869.42
   2694.79
   3640.87
   4584.61
   5351.82
   5756.05
   5677.43
   5140.62
   4296.79
   3335.64
   2417.22
   1645.42
   1062.55
    662.12
    409.04
    259.72
    175.70
    129.03
    102.20
     85.44
     73.81
     64.98
     57.86
     51.93
     46.89
     42.57
     38.84
     35.58
     32.73
     30.23
     28.01
     26.04
     24.28
     22.71
     21.29
     20.02
     18.86
     17.82
     16.87
     16.00
     15.21
     14.48
     13.82
     13.21
     12.64
     12.12
     11.64
     11.20
     10.79
     10.41
     10.06
      9.73
      9.43
      9.15
      8.89
      8.64
      8.42
      8.21
      8.02
      7.84
      7.67
      7.52
      7.37
      7.24
      7.12
      7.01
      6.91
      6.82
      6.74
      6.66
      6.60
      6.54
      6.49
      6.45
      6.30
      6.28
      6.26
      6.25
      6.25
      6.25
      6.27
      6.28
      6.31
      6.35
      6.39
      6.44
      6.50
      6.57
      6.65
      6.74
      6.83
      6.94
      7.06
      7.19
      7.34
      7.49
      7.66
      7.85
      8.05
      8.27
      8.71
      8.97
      9.25
      9.55
      9.89
     10.25
     10.64
     11.11
     11.57
     12.08
     12.63
     13.24
     13.91
     14.64
     15.45
     16.34
     17.33
     18.42
     19.65
     21.01
     22.55
     24.28
     26.24
     28.47
     31.02
     33.95
     37.35
     41.33
     46.06
     51.86
     59.32
     69.70
     85.54
    111.78
    157.23
    236.08
    368.48
    578.91
    890.68
   1316.65
   1848.29
   2446.04
   3036.81
   3519.42
   3785.38
   3761.87
   3455.79
   2948.97
   2350.98
   1759.55
   1242.63
    834.57
    539.83
    343.20
    220.68
    148.20
    106.52
     82.35
     67.59
     57.78
     50.62
     45.00
     40.39
     36.49
     33.16
     30.28
     27.76
     25.57
     23.63
     21.91
     20.39
     19.03
     17.82
     16.72
     15.73
     14.84
     14.03
     13.30
     12.63
     12.02
     11.46
     10.94
     10.47
     10.04
      9.65
      9.28
      8.95
      8.65
      8.37
      8.11
      7.88
      7.67
      7.48
      7.31
      7.16
      7.03
      6.93
      6.84
      6.78
      6.75
      6.74
      6.77
      6.84
      6.98
      7.21
      7.62
      8.35
      9.65
     11.95
     15.88
     22.20
     31.75
     44.76
     62.08
     82.47
    104.05
    123.82
    138.14
    143.63
    138.76
    124.86
    105.24
     83.57
     62.88
     45.19
     31.37
     21.42
     14.76
     10.56
      8.02
      6.52
      5.62
      5.05
      4.65
      4.35
      4.11
      3.91
      3.73
      3.58
      3.45
      3.33
      3.22
      3.13
      3.04
      2.96
      2.89
      2.83
      2.77
      2.72
      2.67
      2.62
      2.58
      2.54
      2.50
      2.47
      2.44
      2.41
      2.38
      2.35
      2.33
      2.31
      2.29
      2.27
      2.25
      2.24
      2.22
      2.21
      2.19
      2.18
      2.17
      2.16
      2.15
      2.15
      2.14
      2.13
      2.13
      2.12
      2.12
      2.12
      2.11
      2.11
      2.11
      2.11
      2.11
      2.11
      2.12
      2.12
      2.12
      2.13
      2.13
      2.14
      2.14
      2.15
      2.16
      2.16
      2.17
      2.18
      2.19
      2.20
      2.22
      2.23
      2.24
      2.26
      2.27
      2.29
      2.31
      2.32
      2.34
      2.36
      2.39
      2.41
      2.43
      2.46
      2.48
      2.51
      2.54
      2.57
      2.60
      2.63
      2.67
      2.71
      2.75
      2.79
      2.83
      2.88
      2.92
      2.97
      3.03
      3.08
      3.14
      3.21
      3.28
      3.35
      3.42
      3.50
      3.59
      3.68
      3.78
      3.89
      4.00
      4.12
      4.25
      4.39
      4.54
      4.71
      4.89
      5.08
      5.30
      5.53
      5.79
      6.07
      6.38
      6.73
      7.12
      7.55
      8.04
      8.59
      9.22
      9.94
     10.79
     11.80
     12.78
     14.43
     16.77
     20.29
     25.90
     34.96
     49.49
     72.10
    105.72
    153.03
    215.51
    292.40
    379.81
    470.30
    552.99
    614.74
    643.18
    631.65
    582.93
    507.64
    419.08
    329.30
    247.32
    178.51
    124.87
     85.76
     58.89
     41.34
     30.32
     23.54
     19.36
     16.69
     14.90
     13.60
     12.60
     11.80
     11.14
     10.59
     10.12
      9.72
      9.39
      9.11
      8.88
      8.69
      8.54
      8.42
      8.32
      8.26
      8.22
      8.21
      8.22
      8.25
      8.30
      8.38
      8.47
      8.58
      8.72
      8.87
      9.05
      9.24
      9.47
      9.71
      9.98
     10.28
     10.61
     10.97
     11.36
     11.79
     12.26
     12.78
     13.35
     13.97
     14.65
     15.40
     16.23
     17.14
     18.15
     19.27
     20.52
     21.92
     23.48
     25.24
     27.24
     29.50
     32.11
     35.14
     38.74
     43.17
     48.90
     56.77
     68.25
     85.82
    113.30
    156.31
    222.27
    319.94
    458.27
    644.16
    880.03
   1160.59
   1470.94
   1785.68
   2069.65
   2281.94
   2383.99
   2354.31
   2199.38
   1950.19
   1647.71
   1331.14
   1031.50
    769.55
    555.76
    391.57
    272.32
    189.86
    135.12
     99.83
     77.34
     62.87
     53.24
     46.48
     41.42
     37.42
     34.11
     31.30
     28.87
     26.75
     24.88
     23.22
     21.75
     20.43
     19.26
     18.20
